10001,10001,415
10001,9590,215
10001,7612,198
10001,8617,186
10001,5634,184
10001,6623,181
10001,9606,180
10001,5618,178
10001,8585,178
10001,5650,169
10001,6591,166
10001,9542,163
10001,8553,161
10001,4645,158
10001,3656,157
10001,7628,154
10001,9622,154
10001,6575,147
10001,8633,147
10001,5602,141
10001,2667,136
10001,6655,135
10001,5570,134
10001,4613,130
10001,1662,129
10001,8537,129
10001,2651,125
10001,8649,121
10001,3624,119
10001,1646,117
10001,2619,115
10001,4677,113
10001,1678,108
10001,673,106
10001,3592,104
10001,3608,104
10001,2603,102
10001,2635,102
10001,7660,99
10001,2699,98
10001,5554,96
10001,9638,96
10001,6671,93
10001,689,87
10001,705,84
10001,1710,83
10001,5682,82
10001,9654,82
10001,4565,80
10001,3704,78
10001,4693,77
10001,8521,77
10001,8665,75
10001,657,74
10001,9510,74
10001,2587,73
10001,641,72
10001,7676,72
10001,1614,70
10001,6687,70
10001,1598,66
10001,6527,66
10001,8681,66
10001,721,62
10001,3720,62
10001,4709,62
10001,1726,60
10001,625,59
10001,737,56
10001,4549,56
10001,5538,54
10001,5698,53
10001,3560,52
10001,7516,52
10001,609,51
10001,8505,50
10001,5714,49
10001,593,44
10001,7500,41
10001,1582,38
10001,7692,38
10001,1742,37
10001,4725,35
10001,753,30
10001,5522,30
10001,2555,28
10001,3544,28
10001,8713,27
10001,6719,26
10001,2747,25
10001,1758,22
10001,9478,21
10001,9462,20
10001,9702,20
10001,3528,19
10001,2523,18
10001,577,17
10001,1566,17
10001,1774,17
10001,2763,17
