2
164
394
623
650
1467
1629
1683
1791
1899
2061
2986
3094
3148
3202
3256
3364
3418
3472
4085
4104
4505
4667
4937
5065
5202
6132
6294
6309
6348
6456
6564
6726
7244
7327
7488
7543
7597
7813
7975
8083
8145
8410
8591
9116
9224
9656
9710
9764
9767
10155
10581
10689
10797
10851
11229
11283
11757
12338
12370
12424
12964
13997
14051
14105
14159
14267
14429
15516
15570
15786
15840
15948
16272
16873
17197
17251
17305
17413
18284
18392
18500
18554
18556
18932
19040
19911
20235
20505
20667
21322
21646
21700
21754
21862
21970
23705
24522
24630
24684
24738
24792
24846
24900
25008
25062
25224
25332
26203
26635
26737
26743
26959
27722
27776
28046
28208
28599
29241
29264
29295
29403
29997
30756
31030
31246
31516
31704
32063
32171
32333
32819
32981
33690
33798
34014
34068
34230
34327
34446
34554
35094
35317
35533
35749
36782
36944
37052
37160
37322
37496
37592
37700
37749
38409
38571
38895
39982
40090
40465
40522
41634
41717
41825
41879
41987
42095
43074
43236
43452
43560
43668
43830
44227
44539
44776
44809
45079
45133
45187
45403
46058
46220
46544
46598
46652
46868
47138
47246
47501
47739
47793
47847
48063
48225
48387
49113
49582
49744
49906
50014
50939
50993
51003
51047
51101
51209
51263
51371
51425
51479
52224
52315
52576
52620
52782
52944
52945
53052
53106
53160
53214
53923
54085
54193
54247
54301
54355
54517
54571
54787
55550
55604
55658
55766
55928
56036
56080
56130
56144
56745
57015
57069
57177
57231
57339
57393
57402
57501
58642
58750
58858
58912
58966
60107
60269
60431
60485
60786
61006
61896
62004
62159
62382
62875
63037
63415
63469
63523
63577
63631
64009
64448
64718
65042
65204
65258
65312
66237
66291
66345
66507
66723
66777
66993
67047
67918
67972
68026
68134
69329
69383
69653
69707
70085
71064
71172
71442
71820
71964
72213
72475
72745
72907
73123
73177
73231
73832
74102
74156
74163
74210
74426
74588
75783
75837
75945
76215
76269
76870
77248
77464
77798
78004
78929
78983
79199
79577
80232
80286
80340
80502
80934
81103
82075
82319
82453
83054
83324
83486
83540
83702
83756
83864
83972
84026
84222
84752
85069
85167
85221
85329
85442
86740
86848
87010
87388
87989
88205
88259
88421
88745
89454
89616
89886
89994
90048
91135
91351
91405
91513
91783
91837
92708
92853
92930
92978
93140
93194
93241
93248
94011
94119
94227
94242
94281
94443
94605
95593
95638
95715
95746
95908
95962
96124
96232
97103
97211
97319
97643
97751
98676
98946
