Clusters:

Number of Clusters: 8
WWGE:974023.4697707591
[97.66181818181818,97.66181818181818,97.66181818181818,97.66181818181818,97.66181818181818,97.66181818181818,97.66181818181818,97.66181818181818,97.66181818181818,97.66181818181818,97.66181818181818,97.66181818181818,97.66181818181818,97.66181818181818,97.66181818181818]
[7.339300244100895,7.339300244100895,7.339300244100895,7.339300244100895,7.339300244100895,7.339300244100895,7.339300244100895,7.339300244100895,7.339300244100895,7.339300244100895,7.339300244100895,7.339300244100895,7.339300244100895,7.339300244100895,7.339300244100895]
[10.303387334315168,10.303387334315168,10.303387334315168,10.303387334315168,10.303387334315168,10.303387334315168,10.303387334315168,10.303387334315168,10.303387334315168,10.303387334315168,10.303387334315168,10.303387334315168,10.303387334315168,10.303387334315168,10.303387334315168]
[19.417910447761194,19.417910447761194,19.417910447761194,19.417910447761194,19.417910447761194,19.417910447761194,19.417910447761194,19.417910447761194,19.417910447761194,19.417910447761194,19.417910447761194,19.417910447761194,19.417910447761194,19.417910447761194,19.417910447761194]
[51.93811074918567,51.93811074918567,51.93811074918567,51.93811074918567,51.93811074918567,51.93811074918567,51.93811074918567,51.93811074918567,51.93811074918567,51.93811074918567,51.93811074918567,51.93811074918567,51.93811074918567,51.93811074918567,51.93811074918567]
[6.0,6.0,6.0,6.0,6.0,6.0,6.0,6.0,6.0,6.0,6.0,6.0,6.0,6.0,6.0]
[33.65234375,33.65234375,33.65234375,33.65234375,33.65234375,33.65234375,33.65234375,33.65234375,33.65234375,33.65234375,33.65234375,33.65234375,33.65234375,33.65234375,33.65234375]
[72.38647342995169,72.38647342995169,72.38647342995169,72.38647342995169,72.38647342995169,72.38647342995169,72.38647342995169,72.38647342995169,72.38647342995169,72.38647342995169,72.38647342995169,72.38647342995169,72.38647342995169,72.38647342995169,72.38647342995169]
2,3
4,5
7,6
16,6
40,2
42,2
50,6
56,7
90,2
101,6
110,0
134,2
164,7
202,5
218,0
238,2
243,2
272,7
305,5
326,0
359,2
380,3
434,0
460,6
471,6
488,3
542,3
590,5
596,1
650,1
654,6
662,2
671,6
698,6
704,1
711,6
741,5
758,1
771,6
792,5
812,5
819,6
837,6
842,5
863,6
866,6
880,6
887,6
888,2
899,2
912,6
920,6
927,6
949,2
974,6
1035,5
1049,5
1078,2
1089,4
1143,4
1181,5
1197,4
1217,5
1231,6
1251,1
1277,6
1285,5
1294,6
1305,1
1314,6
1326,5
1339,2
1359,4
1413,7
1431,2
1436,6
1437,2
1451,6
1467,7
1480,2
1497,5
1509,5
1521,0
1551,6
1575,7
1613,6
1629,7
1662,6
1683,7
1687,2
1736,2
1737,7
1743,6
1766,2
1791,0
1845,0
1853,6
1899,0
1909,2
1919,2
1953,0
2007,0
2061,0
2071,6
2115,3
2161,2
2169,3
2180,2
2221,6
2223,1
2258,2
2277,1
2311,6
2322,2
2328,6
2331,2
2355,6
2385,4
2406,6
2413,6
2439,5
2446,6
2473,6
2493,5
2500,4
2570,6
2574,2
2608,4
2630,2
2655,2
2662,4
2680,2
2688,2
2716,3
2763,6
2770,1
2808,6
2824,3
2878,3
2932,3
2978,2
2986,3
3003,2
3018,5
3037,6
3040,7
3084,2
3094,0
3095,6
3128,6
3148,7
3178,6
3202,7
3256,3
3268,6
3291,2
3304,6
3310,7
3332,2
3364,7
3372,2
3388,2
3418,7
3425,2
3472,0
3497,2
3526,3
3530,6
3580,3
3598,6
3613,2
3631,5
3634,0
3642,2
3672,2
3688,3
3742,1
3794,6
3796,5
3803,6
3805,2
3806,2
3814,6
3823,2
3850,4
3883,5
3904,5
3937,6
3958,6
3965,5
3992,6
4002,2
4009,2
4012,6
4019,6
4037,6
4073,5
4108,6
4121,2
4123,2
4127,5
4144,5
4155,6
4181,5
4216,2
4228,5
4235,1
4255,2
4284,5
4289,3
4316,6
4329,6
4336,2
4343,3
4357,2
4397,3
4400,2
4451,3
4485,5
4504,6
4505,0
4556,6
4559,0
4562,2
4611,5
4613,7
4619,6
4667,7
4690,4
4698,2
4721,0
4775,7
4805,5
4823,6
4829,3
4883,7
4912,2
4924,6
4937,0
4962,2
4991,7
5005,2
5011,2
5045,0
5099,3
5146,2
5153,3
5207,0
5224,2
5228,6
5232,6
5239,6
5261,4
5303,2
5310,6
5315,1
5320,2
5334,2
5353,6
5369,4
5376,6
5392,6
5423,5
5477,5
5531,5
5538,6
5553,2
5609,6
5618,6
5627,2
5639,6
5642,2
5646,5
5681,6
5735,6
5754,5
5784,2
5808,4
5862,1
5916,1
5970,3
5971,2
6024,3
6045,2
6078,0
6087,6
6099,2
6130,2
6132,3
6148,6
6186,0
6228,6
6240,7
6294,7
6306,6
6326,2
6348,0
6350,2
6365,2
6382,6
6402,7
6426,5
6456,0
6510,7
6524,2
6531,6
6564,7
6586,5
6597,2
6613,2
6618,0
6635,5
6660,5
6672,3
6688,2
6690,6
6726,1
6736,5
6777,5
6780,1
6783,5
6821,6
6834,4
6888,1
6942,4
6984,2
6988,4
6996,5
7050,5
7057,6
7104,6
7136,6
7159,2
7165,5
7219,1
7244,2
7247,2
7273,4
7293,6
7297,6
7327,4
7358,5
7360,2
7381,4
7435,3
7488,5
7489,3
7507,2
7529,2
7543,1
7548,5
7587,6
7595,5
7597,7
7651,3
7705,0
7726,6
7728,5
7759,0
7784,5
7805,6
7813,0
7867,0
7872,6
7921,0
7929,2
7971,2
7975,0
8013,5
8029,0
8064,2
8083,7
8113,5
8116,5
8118,2
8130,2
8137,0
8191,0
8245,0
8299,3
8353,1
8379,5
8407,4
8410,2
8447,2
8454,5
8461,4
8493,4
8515,4
8519,6
8520,6
8551,2
8569,4
8639,2
8677,5
8684,6
8689,5
8731,6
8738,5
8792,6
8812,2
8826,2
8845,2
8846,4
8869,6
8880,2
8884,2
8900,1
8926,5
8954,4
8976,6
8978,2
9008,1
9014,2
9061,2
9062,1
9116,0
9156,5
9170,3
9198,5
9224,0
9278,7
9284,2
9311,6
9317,6
9320,2
9332,0
9337,2
9386,7
9440,0
9494,7
9495,6
9526,6
9527,2
9548,0
9554,5
9555,6
9574,2
9576,6
9586,2
9597,6
9602,7
9638,2
9656,7
9665,2
9692,2
9704,6
9710,0
9764,0
9771,2
9818,4
9828,6
9872,3
9873,2
9926,4
9952,2
9980,4
10034,4
10062,2
10088,5
10092,6
10107,6
10131,2
10149,2
10196,2
10203,4
10212,2
10241,6
10250,5
10257,5
10304,5
10307,2
10310,6
10311,5
10323,2
10365,1
10392,6
10419,4
10437,2
10473,1
10505,6
10527,1
10568,2
10577,2
10581,3
10585,6
10590,5
10619,6
10632,6
10635,7
10637,2
10669,2
10689,7
10701,2
10706,6
10729,6
10743,0
10748,2
10768,6
10797,3
10851,0
10905,7
10959,7
10964,2
11010,2
11013,7
11017,6
11018,6
11043,2
11063,6
11067,0
11095,6
11116,2
11121,7
11148,2
11175,7
11229,3
11235,2
11283,7
11337,0
11391,3
11429,2
11445,1
11446,2
11487,6
11492,6
11497,5
11499,1
11553,4
11605,2
11607,4
11624,5
11639,6
11661,5
11666,5
11690,6
11699,2
11709,6
11715,5
11765,5
11776,6
11824,2
11830,2
11833,2
11884,4
11938,6
11954,5
11987,2
11992,1
12001,6
12021,2
12032,2
12039,2
12046,1
12100,3
12154,1
12208,0
12218,2
12262,7
12280,2
12285,5
12288,6
12298,2
12316,3
12330,2
12351,6
12366,2
12370,7
12396,6
12424,7
12478,0
12532,0
12586,7
12618,2
12640,7
12663,2
12664,6
12694,0
12700,2
12716,5
12740,6
12748,7
12794,6
12802,0
12833,6
12844,2
12856,3
12888,6
12906,2
12910,0
12964,3
12965,5
12968,6
13018,3
13065,6
13072,5
13094,6
13126,1
13180,4
13202,6
13213,6
13218,2
13233,2
13234,5
13255,2
13259,5
13288,5
13308,2
13334,6
13349,5
13369,5
13403,5
13414,5
13457,5
13468,5
13491,6
13511,5
13518,2
13529,2
13532,6
13565,4
13615,2
13619,5
13666,2
13670,6
13673,1
13727,3
13781,0
13835,1
13889,0
13914,2
13923,2
13943,7
13945,2
13997,7
14000,2
14006,5
14024,2
14051,0
14057,6
14105,0
14159,0
14166,6
14213,3
14267,0
14314,6
14321,3
14356,5
14363,2
14375,0
14429,0
14468,5
14483,3
14537,1
14545,6
14591,4
14627,2
14645,5
14654,5
14668,6
14699,6
14702,6
14739,5
14760,2
14779,5
14807,5
14836,6
14840,6
14861,6
14880,2
14903,6
14915,2
14922,6
14930,2
14969,6
14976,4
14987,5
14995,2
15030,1
15035,6
15060,6
15079,2
15084,4
15114,2
15123,6
15138,1
15178,6
15192,3
15246,3
15263,5
15269,2
15293,2
15300,1
15354,0
15366,6
15383,6
15398,6
15408,3
15431,2
15455,2
15462,3
15464,2
15480,5
15505,6
15516,3
15570,7
15572,6
15587,2
15591,6
15604,2
15618,6
15624,7
15678,0
15732,0
15750,5
15780,6
15786,7
15835,2
15840,3
15841,6
15844,2
15894,3
15915,6
15929,2
15948,0
15997,5
16002,1
16009,6
16030,6
16056,1
16059,2
16090,5
16100,2
16110,1
16113,6
16133,2
16164,4
16205,6
16216,2
16229,2
16243,6
16272,4
16279,5
16318,6
16326,5
16354,6
16358,2
16380,2
16387,6
16396,6
16434,2
16441,5
16466,2
16477,2
16549,5
16603,4
16657,3
16673,6
16685,5
16704,6
16711,1
16717,2
16723,2
16765,3
16774,5
16789,2
16794,5
16819,1
16827,6
16845,2
16870,2
16873,0
16927,0
16979,2
16981,0
16993,2
17007,5
17011,6
17029,6
17035,0
17061,5
17089,3
17140,2
17143,0
17197,3
17230,2
17233,2
17251,0
17264,2
17275,5
17283,2
17305,7
17315,2
17359,7
17413,0
17467,3
17521,3
17564,2
17575,1
17577,6
17585,2
17618,5
17629,1
17636,2
17643,2
17645,6
17664,2
17683,1
17696,2
17737,1
17772,2
17791,5
17845,4
17899,4
17904,6
17913,2
17963,2
18014,6
18022,5
18049,6
18068,4
18095,5
18122,4
18176,1
18193,2
18202,2
18230,3
18238,2
18255,2
18274,6
18284,1
18285,2
18338,3
18340,5
18341,6
18342,2
18392,0
18411,6
18415,2
18422,2
18446,7
18500,0
18545,2
18554,0
18558,2
18582,6
18594,2
18608,0
18635,2
18645,2
18662,0
18668,2
18671,2
18677,5
18684,2
18716,3
18723,5
18770,0
18776,2
18790,2
18824,0
18842,2
18850,5
18873,5
18878,7
18889,6
18916,5
18932,0
18986,7
19040,0
19091,5
19094,3
19104,2
19148,3
19202,3
19256,1
19263,6
19310,4
19343,2
19380,2
19418,4
19472,2
19474,2
19479,6
19499,6
19500,2
19525,2
19527,6
19539,6
19554,6
19587,5
19589,2
19641,4
19648,6
19654,6
19657,6
19667,2
19695,1
19722,2
19749,1
19780,6
19793,6
19803,3
19819,6
19857,1
19858,6
19874,6
19911,3
19963,2
19965,0
20019,3
20039,6
20073,7
20107,6
20116,2
20118,2
20127,0
20138,2
20163,2
20174,5
20181,7
20235,7
20260,5
20277,6
20289,3
20320,2
20343,0
20397,7
20398,5
20451,3
20454,6
20470,2
20479,6
20504,5
20505,0
20559,0
20602,2
20613,3
20630,2
20667,3
20691,6
20721,1
20732,2
20771,5
20775,1
20794,6
20806,6
20829,4
20840,6
20855,5
20874,2
20883,4
20890,2
20930,2
20937,6
21021,6
21052,5
21097,2
21098,2
21099,2
21103,6
21106,4
21117,2
21130,2
21136,2
21137,6
21160,5
21180,5
21184,2
21197,6
21214,5
21231,6
21251,2
21269,2
21320,5
21322,4
21344,2
21345,6
21347,6
21366,5
21375,6
21376,1
21420,6
21430,1
21442,2
21446,6
21476,2
21484,1
21492,2
21529,5
21538,0
21592,0
21646,0
21656,2
21663,6
21700,7
21754,7
21808,0
21862,0
21916,0
21970,7
22009,2
22012,2
22024,0
22046,2
22078,1
22096,2
22132,0
22181,2
22182,2
22186,3
22194,2
22213,2
22221,6
22232,6
22240,1
22248,6
22293,2
22294,3
22296,2
22348,4
22402,4
22454,2
22456,4
22501,2
22558,6
22564,5
22571,5
22603,6
22625,5
22629,2
22646,6
22663,6
22679,4
22733,1
22742,2
22787,4
22800,6
22841,4
22862,6
22880,5
22895,3
22913,2
22948,2
22949,1
22965,5
22969,5
22993,2
22999,6
23003,3
23004,6
23033,2
23053,6
23057,3
23093,6
23111,0
23165,0
23219,7
23269,6
23273,7
23287,2
23327,7
23368,2
23381,3
23403,6
23435,0
23475,6
23489,0
23525,2
23543,0
23587,6
23590,6
23597,3
23625,6
23647,2
23651,3
23652,2
23673,6
23705,0
23708,6
23731,2
23750,6
23759,1
23769,2
23813,4
23856,6
23861,2
23867,4
23873,6
23921,4
23959,5
23975,5
23979,2
24003,5
24015,6
24029,5
24041,5
24044,5
24090,6
24099,6
24123,6
24129,6
24137,6
24144,5
24161,2
24198,5
24203,6
24211,6
24236,6
24259,6
24295,6
24306,4
24309,6
24335,2
24342,2
24344,6
24346,5
24357,2
24360,3
24365,6
24368,2
24414,4
24428,6
24440,2
24468,0
24473,2
24494,6
24504,5
24514,6
24522,3
24576,3
24617,5
24623,2
24630,7
24658,6
24683,6
24684,3
24732,6
24734,2
24738,7
24787,6
24792,7
24846,7
24867,2
24900,7
24954,7
24973,2
24986,5
25005,2
25008,0
25062,0
25073,2
25078,2
25091,2
25110,5
25116,0
25141,6
25149,5
25155,2
25170,0
25187,2
25224,3
25241,2
25271,5
25278,1
25332,1
25386,4
25440,1
25452,6
25471,6
25494,5
25501,2
25509,6
25527,6
25548,5
25602,2
25609,2
25656,5
25696,2
25697,6
25754,6
25771,5
25825,4
25844,2
25879,6
25892,2
25928,2
25933,4
25947,2
25973,2
25987,1
25999,6
26041,3
26048,2
26077,5
26095,0
26100,5
26114,5
26149,3
26185,2
26203,1
26206,2
26248,2
26257,0
26282,6
26310,6
26311,7
26365,0
26375,6
26384,2
26386,6
26397,6
26419,7
26429,5
26473,7
26527,7
26529,2
26536,2
26550,5
26558,2
26568,6
26581,0
26635,7
26670,2
26684,2
26689,0
26743,0
26797,3
26829,5
26851,1
26868,6
26905,3
26943,5
26946,6
26959,1
26961,2
27013,4
27046,2
27067,5
27077,6
27116,5
27120,6
27128,2
27157,6
27172,2
27175,4
27215,6
27236,4
27247,2
27251,2
27283,2
27344,4
27366,5
27398,4
27417,6
27437,6
27439,2
27452,5
27456,5
27506,1
27527,6
27545,5
27549,2
27560,1
27591,2
27614,3
27622,6
27642,2
27645,5
27668,0
27678,6
27681,5
27722,3
27730,6
27776,3
27789,6
27830,7
27884,0
27887,6
27938,7
27949,2
27992,0
28046,0
28047,6
28077,4
28100,0
28102,2
28152,2
28154,0
28197,2
28208,7
28262,7
28301,5
28303,2
28316,1
28348,2
28351,5
28370,1
28376,6
28377,2
28424,1
28478,1
28486,6
28509,5
28517,6
28520,5
28522,2
28527,5
28532,1
28539,6
28586,4
28640,4
28688,6
28690,6
28694,4
28707,2
28711,6
28755,5
28802,5
28803,2
28809,4
28863,5
28917,4
28918,2
28960,2
28961,2
28964,5
28971,4
29025,4
29043,6
29079,4
29133,4
29171,6
29181,2
29187,3
29241,3
29271,6
29295,7
29349,7
29386,5
29395,2
29403,0
29457,0
29511,7
29546,5
29560,2
29565,7
29604,2
29619,0
29673,0
29727,0
29755,6
29773,6
29781,0
29830,2
29835,3
29850,2
29866,6
29889,0
29943,3
29997,1
30023,2
30051,4
30105,1
30125,6
30132,6
30159,5
30207,6
30220,6
30255,6
30266,2
30310,6
30321,2
30328,5
30436,4
30454,2
30490,5
30544,4
30575,2
30598,4
30600,2
30652,3
30692,2
30705,5
30706,3
30760,3
30767,2
30774,6
30775,6
30779,2
30814,0
30823,5
30834,6
30848,5
30868,7
30914,6
30922,3
30934,2
30976,7
31012,6
31030,0
31048,2
31057,2
31073,2
31084,7
31133,2
31138,7
31192,0
31194,6
31246,0
31247,5
31259,2
31297,6
31300,7
31324,6
31354,0
31393,6
31408,0
31437,5
31452,6
31462,1
31467,6
31516,4
31546,2
31570,4
31586,2
31608,5
31624,5
31638,2
31678,4
31685,6
31692,2
31732,4
31786,4
31791,2
31793,6
31810,6
31840,5
31847,5
31860,2
31870,2
31910,6
31919,6
31948,2
31955,5
31983,6
32002,6
32009,5
32062,6
32063,4
32081,5
32108,2
32110,6
32117,4
32120,2
32137,5
32140,5
32149,6
32164,6
32171,4
32225,1
32239,6
32279,3
32295,2
32333,0
32362,6
32369,2
32387,3
32425,5
32428,4
32441,0
32446,6
32477,6
32495,7
32500,5
32549,0
32600,5
32603,3
32618,6
32629,2
32639,6
32657,7
32665,5
32699,2
32702,2
32711,7
32716,2
32765,7
32819,7
32862,6
32873,0
32896,6
32927,0
32979,2
32981,0
33024,2
33035,1
33041,6
33043,6
33054,5
33089,4
33117,6
33136,2
33143,4
33150,5
33153,5
33167,6
33197,1
33251,5
33257,2
33297,2
33305,6
33321,6
33330,6
33363,6
33408,6
33413,4
33467,2
33474,4
33489,2
33516,5
33528,4
33533,6
33537,6
33582,6
33636,1
33646,2
33676,5
33690,3
33744,1
33798,0
33806,2
33839,6
33852,0
33862,2
33875,2
33906,0
33960,7
34014,3
34017,5
34022,5
34031,6
34060,5
34068,0
34083,6
34086,2
34091,6
34122,0
34166,5
34176,7
34216,6
34220,2
34224,6
34230,7
34284,7
34285,6
34306,6
34310,2
34338,0
34360,6
34392,0
34424,2
34446,3
34499,6
34500,1
34526,2
34530,2
34534,5
34554,7
34608,3
34611,2
34641,6
34662,3
34689,6
34716,4
34770,4
34824,4
34878,5
34939,5
34940,6
34945,2
34986,5
35040,5
35042,5
35047,6
35101,4
35124,2
35155,4
35209,1
35218,2
35263,1
35264,2
35285,6
35289,2
35317,1
35371,3
35419,6
35425,0
35463,6
35479,3
35529,2
35533,0
35587,0
35641,0
35647,5
35692,6
35695,7
35749,7
35762,2
35785,6
35803,3
35817,6
35857,3
35898,6
35911,7
35940,2
35965,3
35979,2
35987,5
36003,6
36019,3
36057,2
36070,2
36073,3
36084,2
36090,2
36127,3
36181,3
36235,1
36262,2
36289,4
36343,4
36354,2
36356,2
36397,5
36441,5
36451,4
36458,2
36505,5
36530,6
36566,5
36570,6
36572,2
36593,2
36620,4
36643,6
36674,4
36701,6
36706,6
36709,2
36728,4
36744,2
36758,6
36782,3
36836,1
36850,6
36860,5
36890,1
36891,6
36905,2
36908,6
36919,2
36944,1
36998,3
37047,6
37052,3
37078,2
37083,2
37106,0
37160,7
37180,2
37214,0
37263,2
37268,7
37296,2
37322,7
37376,7
37389,6
37430,0
37431,2
37484,0
37521,6
37532,2
37538,3
37541,2
37556,2
37592,7
37612,5
37646,0
37653,5
37675,2
37700,1
37729,5
37748,6
37754,1
37755,5
37785,6
37792,5
37793,2
37808,1
37810,2
37827,2
37831,2
37839,6
37862,4
37867,5
37875,6
37916,4
37921,2
37926,2
37963,2
37980,5
38024,5
38034,2
38035,5
38056,2
38121,2
38139,5
38143,2
38157,5
38170,6
38207,2
38211,5
38228,6
38236,6
38238,6
38247,4
38301,1
38355,1
38356,2
38363,6
38377,5
38406,2
38409,1
38418,5
38457,2
38463,1
38468,5
38509,2
38517,3
38557,6
38571,0
38596,6
38607,6
38625,0
38641,5
38672,6
38679,0
38696,6
38701,2
38702,2
38733,7
38787,7
38811,6
38841,0
38867,2
38869,2
38895,7
38949,3
38958,2
38961,2
39003,0
39057,3
39101,2
39111,0
39148,2
39165,1
39185,5
39219,1
39256,6
39269,2
39273,1
39274,2
39296,2
39327,1
39352,2
39381,5
39403,2
39435,4
39489,4
39524,2
39552,6
39597,6
39600,2
39658,6
39693,6
39712,4
39713,2
39714,6
39766,5
39772,6
39797,2
39820,4
39874,4
39907,5
39917,5
39928,3
39949,6
39972,6
39982,1
40035,6
40036,0
40075,2
40082,2
40090,0
40144,7
40156,2
40157,6
40172,6
40198,0
40226,2
40252,7
40266,2
40272,6
40306,7
40324,2
40360,0
40363,6
40377,2
40378,2
40414,7
40465,6
40468,7
40522,0
40530,6
40559,2
40560,2
40576,7
40578,2
40591,2
40618,2
40630,3
40644,2
40653,2
40655,5
40684,3
40703,2
40722,6
40726,2
40738,1
40792,1
40839,2
40846,0
40891,5
40900,1
40946,2
40954,4
40973,2
40994,6
41008,5
41015,6
41062,4
41132,6
41160,2
41231,1
41233,2
41241,2
41285,4
41339,4
41342,2
41371,6
41393,4
41401,6
41447,4
41460,2
41470,5
41471,2
41483,2
41501,3
41514,2
41539,6
41555,3
41609,1
41625,2
41628,2
41663,0
41693,6
41706,2
41717,0
41719,2
41754,2
41771,7
41782,6
41785,6
41825,7
41832,6
41864,2
41879,7
41881,6
41897,6
41907,2
41933,7
41987,7
41997,2
42041,7
42070,2
42082,2
42095,7
42112,6
42149,0
42203,3
42257,3
42262,6
42265,6
42311,3
42329,5
42365,3
42378,6
42387,6
42393,6
42414,2
42419,4
42473,5
42483,2
42491,5
42509,2
42513,6
42527,1
42529,6
42533,6
42547,2
42575,2
42581,2
42635,6
42696,6
42743,5
42747,6
42774,2
42781,6
42804,6
42858,5
42891,2
42892,2
42897,6
42900,2
42904,2
42912,1
42966,1
42997,6
43020,1
43074,1
43114,2
43128,3
43136,6
43158,6
43182,7
43184,6
43189,6
43203,6
43215,2
43236,0
43290,3
43322,6
43344,7
43376,2
43398,0
43452,7
43480,6
43506,0
43536,6
43560,7
43562,6
43564,2
43614,7
43618,2
43668,0
43690,6
43722,0
43736,2
43737,2
43747,6
43776,0
43830,0
43867,5
43884,3
43938,5
43976,2
43992,4
44016,6
44046,4
44053,6
44100,4
44107,5
44110,5
44140,2
44154,6
44157,6
44161,2
44181,2
44242,5
44262,5
44269,4
44314,6
44323,6
44335,6
44416,2
44426,2
44431,5
44445,5
44456,6
44475,2
44485,1
44502,6
44513,6
44524,6
44539,1
44561,5
44565,6
44593,3
44627,2
44636,5
44638,2
44647,3
44678,6
44701,0
44724,2
44755,0
44791,2
44798,2
44809,3
44839,2
44852,5
44863,0
44917,0
44918,2
44966,5
44971,7
44988,5
45025,7
45068,2
45074,6
45077,2
45079,0
45085,6
45099,6
45104,6
45133,7
45150,2
45171,2
45187,0
45190,6
45194,2
45227,2
45241,0
45251,5
45261,2
45295,3
45349,3
45358,5
45359,2
45403,3
45413,2
45430,5
45451,5
45457,3
45480,2
45511,4
45565,4
45572,5
45648,6
45670,5
45727,4
45734,6
45767,6
45781,5
45835,6
45896,1
45904,6
45950,2
45965,6
45999,5
46004,4
46037,2
46058,4
46079,6
46092,5
46111,2
46112,1
46135,6
46166,1
46167,2
46175,2
46205,2
46220,0
46235,2
46249,2
46274,3
46328,0
46347,2
46382,0
46387,2
46428,2
46436,0
46472,6
46490,0
46499,2
46544,0
46598,0
46652,0
46706,0
46760,1
46761,6
46764,5
46814,0
46868,0
46869,2
46903,6
46922,0
46960,2
46976,3
47018,2
47030,4
47056,2
47070,5
47084,4
47101,5
47104,2
47138,5
47192,4
47246,5
47274,5
47292,6
47331,6
47382,2
47398,5
47415,2
47425,2
47468,6
47469,1
47482,5
47512,2
47523,1
47549,2
47577,4
47620,2
47631,1
47674,2
47685,3
47709,6
47719,2
47738,2
47739,1
47793,0
47822,6
47847,0
47849,6
47864,2
47901,0
47955,7
47974,2
48009,0
48063,7
48113,2
48117,0
48171,7
48214,2
48225,7
48250,2
48279,7
48286,2
48311,5
48319,6
48332,6
48333,0
48342,6
48363,6
48387,0
48441,3
48464,6
48478,6
48482,5
48490,2
48495,3
48531,2
48545,2
48549,3
48603,1
48621,6
48634,2
48657,5
48711,4
48716,6
48730,5
48754,5
48760,6
48765,4
48790,2
48819,5
48830,2
48850,2
48867,5
48880,5
48919,6
48927,4
48934,5
48988,4
49007,6
49011,5
49041,2
49042,4
49074,6
49096,4
49098,2
49105,2
49124,2
49147,2
49150,1
49159,2
49180,5
49204,0
49208,2
49258,3
49269,2
49287,2
49288,6
49301,6
49309,6
49312,1
49322,6
49364,6
49366,7
49382,6
49389,6
49420,0
49427,2
49474,3
49475,2
49483,6
49528,7
49558,6
49580,2
49582,0
49627,6
49633,2
49636,0
49663,2
49664,2
49690,3
49705,2
49744,7
49762,6
49770,6
49782,2
49798,0
49845,2
49852,0
49866,2
49906,0
49919,2
49929,2
49946,2
49960,3
50014,3
50031,2
50068,3
50095,6
50122,4
50152,6
50176,1
50230,5
50239,2
50249,6
50284,5
50291,2
50325,2
50370,2
50383,5
50392,5
50437,5
50453,5
50507,2
50514,6
50538,2
50561,5
50569,2
50581,6
50615,4
50623,6
50626,2
50657,2
50669,1
50685,2
50723,1
50771,2
50777,1
50802,6
50804,2
50812,6
50830,2
50831,3
50840,5
50859,6
50885,3
50888,5
50915,6
50923,6
50939,0
50941,6
50954,6
50993,0
51009,2
51047,0
51055,6
51101,7
51132,2
51155,0
51159,2
51184,6
51193,2
51209,0
51252,6
51261,2
51263,7
51315,2
51316,5
51317,0
51362,5
51371,3
51409,6
51425,0
51430,2
51479,3
51480,6
51513,6
51523,6
51525,6
51533,3
51557,6
51560,2
51587,3
51641,3
51654,2
51695,1
51700,6
51749,4
51768,2
51803,4
51837,2
51857,5
51864,5
51889,2
51890,5
51918,5
51926,2
51969,6
51972,2
52026,4
52084,5
52098,6
52105,2
52134,1
52169,6
52188,5
52207,2
52231,6
52242,4
52281,6
52296,1
52319,6
52350,4
52357,2
52382,2
52388,2
52393,2
52404,7
52419,6
52458,3
52470,2
52485,2
52512,7
52516,2
52519,6
52534,2
52566,7
52620,0
52674,7
52685,2
52699,2
52728,0
52731,2
52746,5
52782,7
52808,6
52809,6
52836,7
52846,6
52854,2
52857,2
52890,3
52891,2
52892,2
52909,6
52944,7
52958,6
52973,2
52987,6
52998,7
53032,2
53052,3
53058,2
53071,6
53106,3
53160,1
53170,2
53178,2
53214,0
53232,2
53247,6
53266,2
53268,1
53292,2
53322,4
53335,2
53336,6
53346,5
53376,5
53383,5
53394,6
53429,5
53430,5
53432,6
53438,6
53484,5
53500,2
53525,2
53544,6
53545,5
53550,2
53599,5
53615,2
53620,2
53633,6
53643,6
53653,6
53691,2
53693,2
53696,6
53700,2
53707,5
53761,1
53767,2
53788,6
53801,2
53815,4
53869,3
53895,6
53923,1
53926,6
53977,3
53981,2
53982,2
54011,2
54031,0
54085,0
54097,6
54139,7
54153,6
54193,7
54220,5
54221,2
54232,5
54247,7
54256,2
54272,2
54279,5
54281,6
54301,7
54334,2
54355,0
54379,2
54392,2
54409,0
54412,6
54463,7
54494,2
54514,6
54517,0
54552,2
54571,0
54584,5
54587,6
54611,2
54625,0
54634,2
54640,5
54674,2
54679,1
54682,2
54710,6
54720,2
54733,3
54741,2
54774,2
54777,2
54787,4
54841,1
54883,6
54895,4
54902,5
54935,6
54949,6
54950,2
54951,6
54966,5
55003,2
55008,2
55017,2
55018,6
55027,6
55037,2
55045,2
55057,6
55064,5
55067,6
55072,2
55093,2
55113,2
55118,6
55131,6
55139,6
55140,2
55172,4
55226,5
55280,4
55283,5
55289,2
55323,2
55332,2
55334,1
55336,6
55347,2
55357,6
55388,1
55401,6
55422,5
55442,3
55447,6
55496,1
55500,6
55530,2
55541,2
55550,1
55604,3
55628,2
55658,7
55712,3
55741,6
55766,7
55782,2
55807,2
55820,7
55835,6
55874,7
55928,7
55953,5
55972,6
55982,0
55997,2
56017,5
56033,2
56036,3
56070,6
56076,2
56090,3
56103,5
56130,5
56143,2
56144,0
56179,2
56198,0
56252,1
56271,2
56277,2
56306,1
56340,2
56352,6
56355,2
56360,3
56375,2
56398,6
56414,4
56468,5
56522,5
56583,5
56606,6
56630,4
56632,2
56637,5
56647,5
56654,5
56655,6
56663,2
56668,6
56691,5
56707,5
56738,4
56755,2
56799,5
56814,6
56848,2
56853,4
56871,6
56907,1
56960,5
56961,1
57013,2
57015,3
57027,2
57069,0
57071,6
57080,2
57093,6
57123,3
57177,0
57182,2
57220,6
57231,7
57272,2
57273,2
57285,3
57290,2
57299,2
57304,2
57322,2
57332,2
57339,7
57373,5
57385,5
57393,7
57394,2
57396,2
57418,6
57431,6
57447,0
57501,0
57513,2
57535,2
57550,2
57555,7
57581,6
57593,6
57609,0
57640,2
57645,2
57660,2
57663,3
57670,6
57675,2
57699,2
57707,6
57715,2
57717,0
57771,3
57825,1
57852,6
57853,2
57879,4
57889,2
57890,2
57902,6
57925,2
57933,4
57975,6
57987,5
58041,5
58048,4
58057,2
58095,4
58102,6
58136,6
58157,2
58158,5
58187,2
58242,6
58264,4
58302,6
58310,5
58311,6
58318,1
58340,2
58356,2
58368,6
58372,1
58416,2
58426,4
58453,6
58479,5
58480,1
58504,2
58521,5
58530,6
58534,1
58580,2
58587,5
58588,3
58594,6
58596,2
58620,6
58642,0
58643,2
58677,6
58687,2
58690,6
58696,0
58728,6
58738,2
58746,2
58750,0
58768,5
58804,3
58858,7
58881,6
58884,6
58907,2
58912,7
58913,2
58916,2
58966,0
58972,6
58979,2
58983,5
59020,7
59063,6
59066,2
59074,0
59124,2
59128,0
59180,2
59182,1
59193,6
59236,0
59285,5
59290,3
59294,2
59309,5
59344,3
59350,6
59380,2
59398,4
59401,6
59404,2
59452,4
59488,6
59490,5
59496,2
59506,4
59527,6
59533,6
59539,5
59560,4
59571,2
59591,2
59594,6
59614,1
59619,6
59668,6
59675,5
59698,6
59758,6
59776,6
59783,4
59831,6
59836,6
59886,2
59891,4
59945,4
59999,1
60018,6
60023,5
60053,1
60092,2
60107,3
60121,2
60161,0
60198,2
60204,5
60210,2
60215,0
60267,2
60269,7
60273,6
60323,0
60335,6
60337,2
60340,6
60343,6
60364,6
60377,7
60414,2
60423,6
60431,7
60446,6
60485,7
60493,2
60539,0
60573,5
60579,6
60593,7
60614,2
60637,5
60647,7
60651,2
60678,6
60684,2
60701,3
60702,2
60742,6
60755,0
60784,5
60809,0
60863,0
60917,1
60971,1
60980,5
61025,4
61133,4
61140,6
61141,2
61151,6
61158,2
61181,2
61187,6
61191,2
61241,6
61248,5
61302,4
61319,6
61349,5
61356,4
61403,5
61410,4
61435,6
61438,5
61458,6
61464,1
61476,2
61518,4
61526,6
61538,6
61542,2
61567,6
61572,1
61603,5
61609,6
61616,2
61626,1
61680,3
61714,6
61716,2
61722,6
61734,0
61783,6
61788,0
61842,0
61896,7
61897,5
61950,3
61955,2
61965,2
61987,6
62004,0
62021,2
62045,5
62058,7
62062,2
62078,2
62085,2
62111,2
62112,0
62135,2
62157,2
62166,7
62195,5
62220,0
62225,6
62232,2
62234,2
62235,6
62274,0
62278,2
62299,2
62326,2
62328,0
62382,3
62436,3
62438,6
62449,6
62458,2
62467,6
62487,6
62490,1
62544,5
62545,2
62547,2
62570,2
62583,2
62598,4
62617,2
62633,6
62642,5
62652,1
62676,2
62694,6
62699,2
62706,2
62759,2
62760,4
62776,2
62841,6
62844,6
62875,4
62879,6
62881,5
62903,2
62929,5
62983,5
63037,1
63072,2
63085,2
63091,4
63102,6
63125,2
63132,2
63133,6
63145,4
63162,2
63177,2
63199,3
63200,5
63209,6
63214,5
63252,2
63253,3
63307,3
63308,2
63361,0
63362,6
63372,6
63410,2
63415,3
63430,2
63469,7
63474,6
63494,6
63523,7
63537,2
63577,7
63592,2
63606,2
63631,7
63685,0
63739,7
63793,3
63817,6
63824,5
63825,2
63847,3
63872,6
63873,6
63901,3
63921,6
63955,3
63978,2
63988,2
64009,1
64028,6
64063,3
64083,2
64098,6
64117,4
64171,1
64212,6
64225,6
64251,6
64279,4
64299,2
64317,6
64333,2
64340,5
64351,2
64394,5
64443,6
64444,6
64448,4
64456,6
64462,5
64469,6
64470,5
64495,2
64502,1
64521,6
64543,6
64553,5
64556,4
64558,6
64602,6
64610,1
64611,6
64628,6
64645,6
64654,5
64664,1
64718,3
64728,2
64745,6
64752,2
64772,3
64799,6
64819,6
64826,3
64856,5
64880,0
64911,2
64926,6
64934,3
64939,5
64970,2
64988,0
65002,2
65005,2
65027,6
65036,6
65042,0
65094,2
65096,7
65097,6
65135,2
65141,2
65150,0
65152,2
65204,0
65258,0
65291,6
65312,0
65317,5
65359,5
65366,3
65391,5
65420,7
65421,5
65442,5
65474,1
65492,2
65528,0
65554,5
65577,6
65582,1
65601,2
65636,4
65642,2
65690,5
65697,6
65730,6
65744,2
65747,2
65758,2
65767,2
65778,2
65798,5
65802,2
65829,6
65859,2
65865,6
65889,2
65902,6
65906,6
65909,2
65913,5
65954,2
65967,5
66014,2
66021,5
66043,6
66055,2
66063,2
66075,5
66093,2
66107,6
66129,3
66137,6
66167,2
66178,5
66183,3
66192,2
66208,6
66214,2
66236,2
66237,1
66243,2
66269,2
66290,5
66291,1
66304,6
66305,2
66328,6
66345,0
66368,5
66399,0
66411,6
66430,6
66453,0
66460,2
66469,5
66507,0
66516,4
66539,5
66546,6
66548,5
66556,6
66561,7
66583,6
66600,5
66607,6
66615,0
66669,7
66712,6
66723,0
66753,6
66775,2
66777,7
66785,2
66831,0
66833,2
66840,2
66877,2
66885,7
66887,6
66904,6
66935,6
66937,2
66939,0
66993,1
66994,6
67047,1
67048,2
67084,5
67088,5
67097,2
67101,0
67115,6
67119,5
67136,2
67140,5
67148,2
67155,3
67180,2
67191,6
67203,2
67209,4
67210,2
67237,5
67243,2
67263,5
67299,6
67300,6
67326,6
67354,5
67367,2
67371,5
67425,2
67436,5
67464,2
67497,2
67533,6
67540,5
67548,5
67561,2
67574,6
67578,2
67581,2
67594,5
67628,2
67631,6
67635,6
67636,6
67642,2
67648,1
67660,5
67666,2
67674,2
67693,5
67702,1
67729,5
67756,1
67784,2
67810,3
67834,2
67862,6
67864,1
67889,6
67918,0
67972,0
67976,5
67982,5
68021,2
68026,7
68043,5
68080,7
68087,2
68131,5
68134,0
68158,2
68188,7
68227,2
68242,7
68249,6
68254,5
68296,0
68350,0
68378,2
68404,0
68407,5
68419,6
68448,6
68458,7
68474,6
68512,0
68535,6
68548,2
68566,0
68579,6
68614,2
68620,0
68650,6
68658,5
68674,1
68681,2
68716,6
68721,6
68728,1
68733,6
68761,5
68766,5
68782,5
68789,5
68792,6
68836,5
68870,2
68890,6
68944,5
68951,6
68973,2
68995,2
68998,5
69045,6
69057,2
69059,5
69084,6
69111,6
69113,4
69160,2
69167,5
69184,5
69221,4
69256,6
69270,5
69275,3
69329,1
69337,2
69357,2
69361,6
69371,5
69383,3
69430,6
69437,3
69475,2
69491,0
69496,5
69514,6
69545,0
69565,5
69599,0
69653,7
69707,7
69744,6
69761,7
69791,2
69795,2
69815,7
69817,6
69842,2
69869,0
69884,6
69901,2
69923,0
69977,0
69978,2
70031,0
70056,5
70071,2
70076,6
70085,0
70125,4
70139,3
70193,3
70205,5
70231,2
70247,4
70256,2
70301,5
70367,2
70409,5
70411,2
70463,4
70470,6
70524,5
70562,6
70578,5
70608,2
70644,6
70658,6
70661,6
70670,5
70686,1
70719,2
70740,4
70793,2
70794,1
70802,6
70848,1
70868,2
70871,6
70895,2
70902,3
70919,5
70937,6
70956,3
70975,6
70980,5
71010,0
71019,6
71029,2
71052,2
71064,0
71095,6
71109,5
71118,0
71144,5
71162,2
71172,0
71181,2
71214,2
71226,3
71280,7
71296,2
71334,0
71358,5
71388,7
71393,2
71401,5
71407,6
71430,2
71442,7
71459,6
71495,2
71496,7
71499,2
71510,2
71528,6
71549,2
71550,3
71562,2
71575,6
71598,2
71604,0
71657,2
71658,0
71689,5
71712,3
71731,6
71734,6
71735,6
71745,2
71752,2
71766,3
71773,2
71777,6
71796,6
71820,3
71838,5
71872,2
71874,4
71928,6
71982,4
72017,6
72036,4
72041,2
72097,6
72109,6
72151,5
72161,2
72167,2
72176,6
72198,5
72201,2
72205,5
72221,6
72259,1
72264,2
72281,2
72282,2
72311,2
72313,1
72317,6
72349,2
72367,1
72421,1
72428,6
72434,6
72436,2
72462,2
72464,5
72474,6
72475,3
72515,6
72529,1
72530,2
72541,6
72552,5
72571,5
72583,0
72601,2
72605,6
72637,0
72671,2
72672,6
72691,0
72696,6
72727,5
72737,6
72740,2
72745,7
72759,2
72779,5
72798,2
72799,0
72819,2
72845,6
72853,7
72859,6
72864,2
72883,2
72904,2
72907,0
72915,2
72961,7
72990,6
73015,0
73034,6
73069,0
73109,6
73115,6
73123,0
73160,2
73177,3
73226,6
73231,3
73267,6
73268,2
73285,1
73315,6
73335,2
73336,2
73339,4
73366,2
73375,5
73393,1
73400,6
73409,5
73411,6
73447,4
73451,2
73454,5
73457,2
73465,5
73500,6
73501,2
73508,6
73616,5
73633,6
73648,5
73663,2
73670,5
73680,2
73714,6
73716,2
73724,5
73754,6
73775,2
73778,6
73794,6
73832,4
73875,2
73886,5
73922,2
73939,2
73940,1
73952,6
73967,2
73991,2
73994,4
73996,2
73999,6
74019,2
74048,3
74062,6
74102,0
74104,2
74110,5
74153,5
74156,7
74196,6
74202,2
74210,3
74218,2
74237,6
74253,2
74264,0
74265,2
74314,2
74318,7
74334,5
74348,5
74372,3
74413,6
74425,5
74426,0
74441,2
74452,6
74478,6
74480,7
74481,5
74488,5
74521,2
74530,2
74534,0
74542,2
74554,2
74588,3
74604,2
74608,2
74625,5
74626,6
74642,0
74659,6
74685,6
74692,6
74696,3
74732,2
74750,3
74772,6
74804,3
74858,1
74912,1
74943,5
74963,2
74966,6
74967,6
74979,2
75020,4
75046,6
75056,2
75060,2
75128,6
75139,2
75160,2
75192,2
75209,6
75225,2
75230,5
75233,6
75243,5
75259,6
75284,6
75297,6
75299,2
75343,2
75351,4
75361,6
75374,6
75405,1
75408,6
75436,2
75450,2
75459,5
75469,2
75505,2
75513,4
75514,6
75567,1
75593,6
75599,2
75609,2
75621,0
75623,6
75633,6
75652,6
75670,6
75675,3
75712,6
75713,2
75723,5
75729,0
75752,2
75773,6
75783,0
75790,2
75794,2
75807,2
75819,5
75820,5
75836,6
75837,7
75845,6
75869,6
75884,6
75885,5
75891,7
75896,6
75944,2
75945,0
75959,2
75964,2
75966,2
75975,5
75999,0
76007,5
76025,6
76032,6
76036,6
76037,5
76047,2
76053,7
76081,2
76107,3
76136,5
76141,2
76161,7
76163,2
76198,2
76215,3
76269,0
76271,6
76319,2
76323,3
76333,6
76341,6
76377,3
76396,6
76431,1
76438,2
76485,4
76539,5
76549,2
76593,4
76641,2
76647,2
76655,6
76678,6
76733,2
76762,5
76803,2
76816,6
76837,6
76851,6
76863,2
76870,5
76874,6
76876,2
76878,6
76884,6
76898,2
76923,6
76924,4
76938,2
76955,2
76978,1
77011,6
77032,1
77054,2
77058,2
77066,5
77073,6
77086,3
77095,6
77103,2
77123,6
77140,3
77155,2
77194,3
77248,7
77302,0
77347,6
77356,7
77401,2
77410,7
77420,6
77440,2
77461,6
77463,6
77464,7
77482,2
77484,5
77515,6
77518,0
77528,2
77572,0
77586,5
77626,0
77632,2
77677,6
77680,3
77703,5
77734,3
77749,2
77752,4
77772,6
77788,3
77834,2
77842,0
77846,2
77873,6
77877,2
77891,2
77896,3
77943,2
77950,1
77963,6
78004,4
78025,5
78040,2
78043,5
78047,6
78058,5
78065,6
78087,6
78092,6
78102,2
78112,4
78124,2
78133,2
78134,2
78173,2
78220,6
78256,6
78281,2
78291,6
78328,5
78335,2
78377,4
78389,5
78390,5
78397,6
78443,4
78445,2
78459,6
78484,2
78488,6
78497,4
78507,2
78538,6
78545,2
78551,1
78591,5
78594,6
78595,2
78605,1
78638,2
78659,1
78693,6
78701,2
78713,0
78739,6
78767,3
78781,2
78793,2
78817,6
78821,0
78846,5
78875,7
78877,6
78929,0
78969,2
78983,7
78989,2
78992,2
78996,6
79012,2
79016,2
79029,6
79037,0
79078,6
79091,0
79106,2
79111,2
79119,2
79145,0
79160,5
79164,5
79179,5
79191,2
79192,6
79199,7
79209,2
79213,6
79222,6
79253,0
79255,6
79267,6
79296,6
79305,6
79307,0
79317,2
79335,2
79345,6
79346,2
79354,2
79361,0
79393,6
79394,6
79415,0
79469,3
79523,3
79577,5
79583,2
79590,2
79597,2
79612,6
79622,6
79631,1
79654,6
79669,2
79685,4
79714,6
79739,2
79820,2
79847,6
79854,2
79870,2
79908,6
79947,6
79962,4
79966,2
80016,4
80070,1
80124,1
80167,2
80178,1
80214,2
80220,5
80232,3
80236,2
80237,2
80270,5
80286,3
80306,2
80330,5
80340,3
80377,2
80394,3
80404,6
80410,6
80414,6
80448,7
80467,2
80473,2
80502,0
80507,5
80552,2
80556,7
80561,6
80565,2
80600,5
80604,5
80610,3
80619,2
80621,2
80664,0
80672,6
80714,2
80718,3
80772,0
80786,5
80826,0
80845,2
80864,6
80880,7
80922,2
80934,0
80958,2
80959,6
80982,5
80988,1
81014,6
81042,1
81071,6
81095,5
81096,5
81119,5
81146,2
81178,5
81185,2
81204,5
81235,6
81248,5
81257,2
81258,4
81264,2
81291,5
81309,6
81319,5
81321,2
81322,2
81339,6
81363,2
81366,6
81374,6
81376,6
81386,6
81419,6
81427,2
81446,2
81457,5
81481,1
81483,6
81503,5
81533,6
81535,5
81582,2
81589,4
81643,1
81671,6
81697,1
81751,3
81774,6
81778,2
81804,2
81805,0
81815,6
81824,2
81842,6
81859,3
81869,5
81870,6
81874,6
81908,6
81913,0
81932,6
81935,2
81947,6
81967,7
82013,6
82021,7
82025,2
82031,5
82054,2
82075,7
82129,7
82142,2
82183,7
82237,0
82255,6
82266,2
82280,2
82291,0
82345,7
82378,6
82386,6
82388,2
82399,3
82453,0
82454,5
82485,2
82507,3
82513,2
82516,2
82524,5
82558,2
82561,3
82592,2
82605,5
82615,4
82662,2
82669,3
82694,5
82704,6
82721,5
82723,4
82726,6
82757,6
82776,6
82777,6
82786,5
82831,4
82841,4
82843,6
82885,5
82892,2
82906,2
82910,6
82917,2
82923,5
82939,6
82946,4
83000,5
83010,6
83076,5
83077,5
83108,1
83122,2
83162,4
83167,6
83182,2
83216,3
83252,6
83270,1
83298,6
83324,1
83347,6
83361,2
83378,7
83415,2
83432,7
83476,6
83486,7
83510,2
83518,6
83528,2
83530,2
83540,7
83562,6
83594,0
83648,0
83684,6
83702,7
83703,2
83705,5
83708,6
83720,2
83741,5
83756,0
83772,2
83781,2
83792,2
83810,0
83838,5
83864,7
83887,5
83904,2
83910,6
83918,0
83931,6
83955,2
83964,5
83965,5
83972,1
83985,2
84026,0
84080,3
84086,2
84088,2
84111,2
84125,5
84134,1
84188,3
84232,6
84242,5
84272,2
84284,2
84296,1
84304,6
84328,6
84332,4
84344,2
84348,2
84350,6
84356,5
84364,2
84396,6
84404,5
84409,5
84410,2
84411,6
84423,6
84429,2
84447,2
84458,4
84480,6
84519,4
84544,2
84550,6
84573,5
84620,6
84627,4
84681,5
84735,1
84745,6
84789,4
84817,2
84840,6
84843,3
84856,5
84881,6
84897,3
84923,6
84937,6
84951,0
84952,2
85005,0
85028,2
85059,0
85089,2
85093,2
85113,3
85132,2
85167,0
85191,6
85203,6
85221,7
85223,6
85243,2
85275,7
85329,7
85383,7
85409,2
85437,3
85450,2
85475,6
85479,2
85491,0
85545,3
85579,6
85599,3
85633,6
85653,1
85698,2
85707,4
85759,2
85761,4
85804,2
85815,4
85845,6
85849,6
85868,6
85869,4
85894,2
85930,5
85935,2
85948,6
85977,5
86003,2
86024,6
86038,6
86069,6
86085,6
86092,5
86095,6
86119,2
86132,2
86134,6
86146,4
86158,6
86185,2
86200,4
86203,2
86223,5
86230,2
86245,5
86247,6
86254,1
86304,6
86308,4
86362,1
86376,2
86400,5
86416,3
86470,0
86478,2
86500,2
86524,0
86531,6
86536,2
86555,2
86578,3
86609,6
86632,0
86651,2
86653,6
86686,7
86700,6
86721,2
86740,0
86794,3
86804,2
86826,6
86845,2
86848,0
86849,4
86877,6
86897,2
86902,0
86911,6
86924,6
86930,2
86940,2
86956,7
86971,6
87010,3
87064,0
87067,5
87077,2
87084,6
87118,3
87132,2
87144,2
87172,3
87175,2
87185,6
87191,6
87223,6
87225,6
87226,1
87249,6
87280,4
87307,6
87334,6
87339,2
87369,2
87388,4
87401,6
87420,6
87424,6
87438,2
87442,5
87479,2
87494,2
87496,5
87503,4
87523,6
87557,4
87569,2
87599,6
87604,2
87611,5
87632,6
87648,6
87656,6
87665,6
87681,2
87686,6
87719,5
87730,2
87768,2
87773,3
87827,4
87836,6
87875,6
87881,3
87884,5
87935,4
87942,6
87947,6
87960,5
87967,6
87989,3
88043,3
88070,5
88081,2
88097,3
88147,6
88151,3
88180,6
88205,7
88250,5
88252,6
88255,2
88259,0
88268,6
88277,2
88300,6
88307,6
88313,7
88335,6
88356,2
88367,7
88374,6
88421,7
88427,5
88437,6
88475,7
88516,2
88529,0
88574,5
88583,0
88587,2
88598,6
88615,2
88616,5
88617,2
88637,7
88638,6
88669,6
88691,0
88704,6
88745,3
88770,6
88799,1
88806,5
88827,6
88853,4
88877,6
88887,2
88907,4
88921,6
88961,1
88970,6
88991,6
89017,6
89020,6
89022,5
89076,5
89094,6
89096,6
89113,6
89130,6
89184,6
89206,6
89238,5
89260,5
89267,5
89292,4
89318,2
89320,2
89321,5
89325,5
89337,2
89346,4
89362,6
89400,1
89420,5
89430,6
89441,2
89454,1
89459,2
89494,2
89508,1
89541,6
89562,0
89616,3
89664,6
89666,6
89670,3
89678,5
89724,3
89757,5
89778,0
89801,2
89804,2
89821,2
89832,7
89886,7
89895,6
89923,2
89940,7
89948,6
89958,5
89963,5
89975,2
89994,0
90014,6
90035,2
90037,6
90048,7
90066,2
90102,0
90122,2
90130,2
90146,6
90156,7
90201,6
90210,0
90264,3
90282,2
90318,1
90372,1
90382,5
90398,5
90426,1
90461,2
90475,6
90480,5
90494,2
90521,6
90534,4
90541,2
90588,6
90627,2
90631,6
90642,6
90686,6
90696,6
90703,4
90730,2
90740,2
90757,4
90811,4
90827,2
90860,2
90865,4
90891,2
90892,5
90902,6
90919,1
90933,6
90973,4
90989,2
91009,6
91027,3
91081,0
91135,3
91145,6
91166,2
91178,6
91189,0
91242,2
91243,0
91284,6
91297,0
91298,6
91301,6
91329,2
91337,2
91340,5
91351,7
91382,6
91405,7
91438,6
91439,2
91440,6
91444,5
91448,2
91450,2
91459,0
91483,2
91513,7
91567,7
91586,2
91614,2
91621,3
91637,2
91675,0
91710,2
91727,6
91729,3
91752,6
91754,5
91765,5
91783,0
91825,6
91837,1
91839,6
91891,1
91945,5
91967,6
91999,4
92013,6
92053,5
92076,2
92093,6
92107,6
92155,6
92161,4
92210,2
92276,5
92330,4
92384,1
92393,5
92438,4
92485,2
92492,4
92510,2
92517,6
92546,1
92554,2
92556,6
92584,2
92597,5
92600,0
92619,2
92654,3
92666,5
92680,2
92690,6
92708,0
92720,2
92762,0
92795,2
92801,2
92816,7
92840,2
92870,7
92900,2
92924,0
92961,5
92978,7
92993,5
92995,2
93032,7
93083,5
93086,7
93094,2
93095,2
93131,6
93140,7
93154,6
93184,6
93192,6
93194,3
93218,2
93227,6
93248,3
93302,3
93345,2
93356,3
93361,2
93363,5
93365,2
93405,2
93410,3
93421,2
93436,6
93451,2
93464,4
93518,1
93527,2
93530,6
93572,4
93579,2
93626,6
93632,2
93633,5
93671,6
93680,6
93686,6
93697,6
93705,6
93714,6
93734,5
93736,2
93751,2
93783,2
93788,5
93795,6
93825,6
93838,2
93848,6
93849,1
93858,5
93870,6
93903,4
93937,5
93957,4
93977,2
94011,4
94058,2
94065,4
94111,2
94119,0
94173,3
94191,6
94227,7
94238,5
94243,5
94272,5
94281,0
94291,2
94294,2
94295,2
94335,3
94343,2
94375,2
94389,3
94403,2
94443,7
94447,6
94497,0
94527,6
94529,2
94545,6
94551,0
94553,2
94568,6
94605,0
94612,6
94640,2
94659,0
94672,6
94713,7
94758,6
94767,7
94785,2
94821,3
94867,6
94869,6
94875,3
94929,3
94931,6
94970,2
94972,2
94983,1
95029,6
95030,2
95037,4
95090,2
95091,4
95105,2
95132,5
95145,4
95149,2
95156,5
95163,2
95176,5
95191,4
95195,2
95199,5
95201,2
95206,5
95215,2
95236,5
95265,2
95297,6
95307,5
95308,6
95314,6
95340,6
95347,2
95354,2
95365,5
95368,5
95373,5
95393,6
95414,2
95415,6
95425,2
95433,2
95467,5
95476,4
95530,3
95584,1
95631,6
95638,0
95643,6
95658,5
95661,5
95689,2
95692,1
95694,6
95698,6
95728,6
95746,1
95800,3
95854,0
95875,2
95908,3
95920,2
95962,0
96005,2
96016,7
96070,7
96087,6
96124,0
96129,2
96147,2
96150,5
96172,4
96178,7
96204,5
96216,5
96232,0
96286,0
96320,6
96340,1
96369,2
96394,0
96396,5
96423,6
96448,3
96502,1
96504,6
96556,4
96576,2
96592,5
96609,6
96610,4
96664,4
96676,2
96679,6
96718,5
96726,6
96732,5
96756,6
96783,6
96833,5
96865,6
96880,5
96887,5
96941,5
96954,6
96995,4
97016,2
97049,1
97058,6
97070,2
97103,1
97115,2
97148,5
97157,1
97211,1
97265,1
97271,6
97281,2
97283,2
97303,5
97313,6
97319,0
97373,0
97410,2
97427,0
97444,2
97454,2
97460,5
97481,0
97517,6
97527,6
97535,7
97548,5
97589,0
97591,2
97606,5
97639,6
97643,0
97663,5
97668,2
97678,2
97697,0
97751,0
97768,6
97783,6
97794,6
97805,0
97845,2
97854,6
97859,0
97866,5
97913,0
97959,2
97967,3
98020,2
98021,3
98047,5
98055,6
98075,1
98101,2
98106,2
98129,5
98178,6
98182,2
98183,1
98190,2
98197,2
98198,6
98237,4
98244,2
98257,2
98259,6
98264,6
98291,5
98294,6
98308,6
98335,6
98338,6
98352,5
98370,5
98399,5
98406,4
98442,2
98460,1
98491,6
98498,5
98507,5
98514,4
98517,6
98518,6
98528,2
98556,2
98561,6
98564,2
98568,4
98575,6
98622,4
98676,3
98700,5
98714,6
98730,3
98735,2
98737,2
98784,3
98814,5
98818,6
98838,0
98853,6
98854,2
98880,2
98892,3
98897,6
98909,5
98938,6
98946,0
98978,5
98991,2
